0
0
-128
0
1
-111
127
-3
3
35
127
-10
4
-75
127
-23
6
71
127
-40
7
-40
127
-62
9
105
127
-89
10
-7
127
-121
12
-118
127
98
14
25
127
56
15
-87
127
9
17
55
126
-42
18
-59
126
-99
20
82
126
96
21
-33
126
30
23
106
125
-42
24
-11
125
-117
26
127
125
58
28
7
124
-28
29
-113
124
-118
31
22
124
42
32
-101
123
-58
34
31
123
94
35
-94
122
-16
37
35
122
126
38
-93
122
7
40
33
121
-117
41
-98
121
11
43
25
120
-122
44
-109
119
-4
46
11
119
110
47
-127
118
-37
48
-11
118
68
50
104
117
-88
51
-40
117
7
53
71
116
98
54
-77
115
-71
56
29
115
11
57
-123
114
88
58
-21
113
-95
60
79
112
-26
61
-80
112
39
63
15
111
99
64
108
110
-101
65
-58
109
-50
67
29
108
-2
68
114
108
41
69
-59
107
80
71
20
106
115
72
97
105
-111
73
-85
104
-84
74
-14
103
-61
76
55
102
-43
77
120
101
-28
78
-73
100
-17
79
-14
99
-10
81
42
98
-7
82
96
97
-8
83
-110
96
-13
84
-63
95
-21
85
-20
94
-33
87
20
93
-48
88
57
92
-68
89
91
91
-90
90
121
90
-117
91
-109
89
109
92
-86
88
76
93
-66
87
39
94
-50
85
-1
95
-38
84
-44
96
-30
83
-91
97
-25
82
116
98
-24
81
63
99
-27
80
7
100
-33
78
-53
101
-44
77
-115
102
-58
76
76
103
-77
75
8
104
-99
73
-63
105
-125
72
119
106
100
71
42
107
65
69
-37
108
27
68
-120
108
-16
67
52
109
-63
65
-36
110
-115
64
-126
111
86
63
38
112
26
61
-57
112
-38
60
102
113
-107
59
3
114
76
57
-99
114
-1
56
53
115
-83
54
-53
116
87
53
94
116
-3
51
-16
117
-99
50
-128
118
58
49
13
118
-47
47
-103
119
101
46
35
119
-13
44
-85
120
125
43
50
121
2
41
-73
121
-125
40
58
121
-1
38
-68
122
118
37
60
122
-23
35
-69
123
87
34
56
123
-64
32
-76
124
36
31
47
124
-124
29
-88
124
-34
28
33
125
52
26
-104
125
-123
25
15
125
-46
23
-124
126
25
21
-8
126
92
20
108
126
-103
18
-33
126
-46
17
81
127
6
15
-61
127
53
14
51
127
95
12
-92
127
-123
11
19
127
-91
9
-125
127
-64
7
-14
127
-41
6
97
127
-24
4
-49
127
-11
3
61
127
-3
1
-84
127
-1
0
26
127
-3
-2
-119
127
-10
-4
-9
127
-22
-5
101
127
-39
-7
-44
127
-61
-8
66
127
-87
-10
-79
127
-119
-11
33
127
100
-13
-112
127
59
-14
0
127
13
-16
113
126
-39
-18
-29
126
-95
-19
85
126
100
-21
-57
126
34
-22
59
125
-37
-24
-81
125
-112
-25
37
125
63
-27
-101
124
-22
-28
18
124
-112
-30
-118
124
49
-31
4
123
-51
-33
126
123
101
-35
-6
122
-9
-36
120
122
-122
-38
-10
122
15
-39
118
121
-109
-41
-8
121
19
-42
123
120
-113
-44
-1
120
5
-45
-122
119
119
-46
14
118
-27
-48
-105
118
78
-49
35
117
-78
-51
-80
117
18
-52
64
116
109
-54
-47
115
-60
-55
101
115
22
-57
-6
114
100
-58
-110
113
-83
-59
44
112
-14
-61
-56
112
51
-62
102
111
112
-63
7
110
-88
-65
-85
109
-36
-66
80
109
11
-68
-7
108
55
-69
-92
107
94
-70
81
106
-127
-71
1
105
-96
-73
-76
104
-69
-74
106
103
-46
-75
35
102
-27
-77
-34
101
-12
-78
-100
100
-1
-79
94
100
6
-80
34
99
9
-82
-22
98
9
-83
-76
97
4
-84
-126
95
-4
-85
83
94
-15
-86
39
93
-31
-88
-1
92
-50
-89
-38
91
-72
-90
-72
90
-98
-91
-102
89
-128
-92
127
88
95
-93
104
87
59
-94
84
86
19
-95
68
84
-24
-96
55
83
-71
-97
47
82
-120
-98
42
81
83
-99
40
80
27
-100
43
78
-32
-101
49
77
-94
-102
60
76
97
-103
74
75
29
-104
92
73
-42
-105
114
72
-116
-106
-116
71
64
-107
-86
69
-16
-108
-51
68
-98
-109
-13
67
74
-109
30
65
-13
-110
77
64
-103
-111
-128
63
61
-112
-73
61
-34
-113
-13
60
125
-113
50
59
26
-114
119
57
-76
-115
-65
56
76
-115
12
54
-30
-116
94
53
118
-117
-76
52
8
-117
14
50
-104
-118
109
49
37
-119
-48
47
-79
-119
56
46
60
-120
-91
44
-60
-120
22
43
74
-121
-116
41
-49
-121
6
40
83
-122
-123
38
-43
-122
9
37
85
-123
-111
35
-44
-123
30
34
81
-124
-80
32
-51
-124
71
31
72
-125
-30
29
-62
-125
-126
28
58
-125
39
26
-78
-126
-47
25
40
-126
-128
23
-98
-126
51
22
18
-127
-21
20
-122
-127
-87
18
-7
-127
107
17
107
-127
49
15
-36
-128
-3
14
77
-128
-50
12
-66
-128
-93
11
45
-128
126
9
-99
-128
93
8
12
-128
65
6
123
-128
43
4
-23
-128
25
3
87
-128
12
1
-58
-128
4
0
52
-128
1
-2
-93
-128
2
-3
17
-128
9
-5
127
-128
21
-7
-18
-128
37
-8
92
-128
59
-10
-53
-128
85
-11
59
-128
117
-13
-86
-128
-103
-14
26
-128
-62
-16
-117
-128
-16
-18
-3
-127
35
-19
110
-127
91
-21
-31
-127
-104
-22
85
-127
-38
-24
-55
-126
32
-25
62
-126
107
-27
-76
-126
-68
-28
44
-125
17
-30
-92
-125
106
-31
29
-125
-55
-33
-104
-124
44
-34
19
-124
-108
-36
-111
-123
1
-37
15
-123
115
-39
-113
-123
-23
-40
16
-122
100
-42
-109
-122
-28
-43
24
-121
105
-45
-98
-121
-14
-46
38
-120
127
-48
-80
-119
18
-49
59
-119
-88
-51
-56
-118
68
-52
88
-118
-28
-54
-23
-117
-120
-55
124
-116
49
-56
18
-116
-33
-58
-87
-115
-112
-59
67
-114
71
-61
-33
-113
1
-62
125
-113
-64
-63
30
-112
-124
-65
-63
-111
75
-66
103
-110
23
-67
15
-110
-25
-69
-70
-109
-69
-70
103
-108
-108
-71
23
-107
113
-73
-54
-106
81
-74
127
-105
54
-75
56
-104
31
-77
-13
-103
12
-78
-79
-103
-4
-79
114
-102
-15
-80
55
-101
-22
-82
-2
-100
-26
-83
-56
-99
-26
-84
-106
-98
-21
-85
103
-97
-14
-86
59
-96
-2
-87
18
-94
13
-89
-19
-93
32
-90
-53
-92
54
-91
-84
-91
80
-92
-111
-90
109
-93
122
-89
-114
-94
102
-88
-78
-95
85
-87
-38
-96
73
-85
5
-97
64
-84
51
-98
58
-83
100
-99
57
-82
-103
-100
59
-81
-47
-101
65
-79
12
-102
75
-78
73
-103
89
-77
-118
-104
107
-76
-50
-105
-127
-74
21
-106
-101
-73
94
-107
-71
-72
-85
-108
-37
-71
-6
-108
1
-69
76
-109
44
-68
-96
-110
90
-67
-9
-111
-115
-65
81
-112
-60
-64
-83
-113
-1
-62
11
-113
63
-61
108
-114
-125
-60
-49
-115
-53
-58
53
-115
24
-57
-100
-116
105
-55
6
-117
-65
-54
114
-117
25
-53
-32
-118
119
-51
80
-119
-38
-50
-62
-119
66
-48
54
-120
-82
-47
-84
-120
31
-45
36
-121
-107
-44
-99
-121
15
-42
24
-122
-115
-41
-107
-122
17
-39
19
-123
-103
-38
-110
-123
38
-36
19
-124
-73
-35
-106
-124
78
-33
26
-125
-23
-32
-97
-125
-120
-30
37
-125
45
-29
-84
-126
-41
-27
53
-126
-123
-26
-66
-126
56
-24
73
-127
-16
-23
-44
-127
-83
-21
96
-127
110
-20
-19
-127
53
-18
123
-127
0
-16
10
-128
-47
-15
-103
-128
-90
-13
40
-128
-128
-12
-71
-128
95
-10
73
-128
67
-9
-38
-128
44
-7
107
-128
26
-6
-3
-128
12
-4
-114
-128
4
-2
32
-128
1
-1
-78
-128
2
1
67
-128
9
2
-43
-128
20
4
103
-128
36
5
-8
-128
57
7
-118
-128
84
9
27
-128
115
10
-85
-128
-105
12
60
-128
-65
13
-52
-128
-19
15
91
-127
32
16
-22
-127
87
18
120
-127
-108
20
5
-127
-43
21
-110
-126
27
23
29
-126
102
24
-88
-126
-74
26
50
-125
11
27
-69
-125
100
29
67
-125
-61
30
-54
-124
38
32
79
-124
-114
33
-45
-124
-6
35
86
-123
107
36
-40
-123
-31
38
88
-122
92
39
-41
-122
-36
41
84
-121
96
42
-48
-121
-23
44
74
-120
118
45
-62
-119
8
47
56
-119
-98
48
-83
-118
58
50
32
-118
-39
51
-112
-117
125
52
-1
-116
38
54
108
-116
-45
55
-41
-115
-123
57
63
-114
59
58
-90
-114
-11
60
10
-113
-76
61
108
-112
119
62
-53
-111
62
64
40
-110
10
65
-125
-110
-38
66
-37
-109
-82
68
48
-108
-122
69
-125
-107
98
70
-45
-106
67
72
33
-105
39
73
107
-104
16
74
-77
-104
-4
75
-8
-103
-19
77
58
-102
-31
78
121
-101
-39
79
-75
-100
-42
80
-18
-99
-42
82
36
-98
-38
83
86
-97
-31
84
-122
-96
-20
85
-78
-95
-5
86
-37
-93
14
88
0
-92
36
89
35
-91
62
90
65
-90
91
91
93
-89
123
92
116
-88
-97
93
-120
-87
-57
94
-103
-86
-15
95
-90
-84
31
96
-81
-83
81
97
-75
-82
-123
98
-74
-81
-68
99
-76
-80
-9
100
-82
-78
53
101
-91
-77
117
102
-105
-76
-71
103
-123
-75
-1
104
112
-73
73
105
86
-72
-107
106
56
-71
-28
107
23
-69
54
107
-15
-68
-118
108
-57
-67
-31
109
-104
-65
58
110
102
-64
-106
111
47
-63
-12
111
-12
-61
85
112
-75
-60
-72
113
113
-58
29
114
41
-57
-123
114
-35
-56
-17
115
-116
-54
91
116
54
-53
-55
116
-35
-51
56
117
126
-50
-86
118
28
-48
30
118
-76
-47
-108
119
72
-45
11
119
-40
-44
-124
120
99
-43
-1
120
-23
-41
124
121
106
-40
-6
121
-25
-38
121
122
95
-37
-6
122
-45
-35
125
123
66
-33
0
123
-84
-32
-123
124
17
-30
11
124
113
-29
-109
124
-51
-27
27
125
36
-26
-91
125
118
-24
47
125
-61
-23
-70
126
12
-21
71
126
79
-20
-44
126
-114
-18
97
126
-57
-17
-16
126
-4
-15
127
127
44
-13
14
127
87
-12
-97
127
126
-10
47
127
-97
-9
-64
127
-69
-7
81
127
-45
-6
-29
127
-27
-4
116
127
-13
-2
6
127
-4
