-5069
-6167
-4799
-4160
-5455
-4696
-4043
-3569
-3087
-3048
-2325
-3176
-1797
-1851
-2386
-2372
-1813
-1749
-2133
-1844
-2813
-1791
-1431
-2469
-2446
-1301
-2702
-2010
-1980
-2895
-2898
-1666
-3188
-2801
-1517
-2451
-2026
-1756
-2236
-3490
-1338
-2516
-2452
-2719
-1823
-2061
-3189
-2388
-2390
-3377
-3287
-2146
-4905
-4151
-3756
-4823
-4134
-4429
-4532
-4751
-4816
-5069
-4642
-5263
-5193
-6431
-4835
-5440
-7436
-5255
-5086
-6329
-5406
-5414
-5974
-6268
-5722
-4698
-6464
-5860
-5250
-6577
-4553
-5448
-5822
-5302
-4789
-4818
-4439
-4260
-4306
-6126
-3836
-4475
-4360
-4330
-3782
-3662
-3469
-3847
-3991
-3579
-3792
-3838
-3871
-3469
-2086
-3377
-3271
-3087
-2925
-2377
-2994
-3669
-1668
-2884
-2870
-2812
-2497
-1769
-1746
-2558
-1467
-2512
-1516
-2569
-3401
-1703
-2634
-2811
-3099
-3384
-4090
-3148
-3952
-3562
-3695
-2126
-4132
-4820
-3427
-4176
-6040
-4279
-3703
-5160
-4293
-5089
-4901
-4531
-3231
-5259
-5005
-3733
-4804
-5079
-4245
-4307
-5891
-4780
-4781
-6319
-4466
-4397
-6014
-5369
-5056
-4715
-4092
-4078
-5535
-5118
-4345
-3762
-5291
-3965
-4182
-5669
-3686
-4996
-5117
-5090
-3859
-4903
-5162
-3946
-4216
-4473
-4413
-4329
-5674
-3006
