-4403
-5225
-3466
-4149
-3584
-3535
-2898
-5365
-6297
-5260
-6058
-6512
-5259
-3542
-3534
-1108
-1146
-1895
-1204
-1875
-2837
-4232
-4119
-4160
-6387
-5196
-5142
-7925
-6355
-6206
-7758
-5598
-4771
-4433
-2956
-1396
-3315
-1941
-3869
-3084
-5241
-3603
-4333
-3502
-2556
-4260
-5931
-4365
-5286
-7042
-3663
-3445
-2845
-1866
227
-859
350
-646
-2439
-4746
-4178
-6338
-4685
-5028
-5284
-5428
-4552
-4438
-5657
-6224
-4485
-4770
-2931
-1882
-853
-404
-467
-942
-3618
-4047
-5882
-8641
-8014
-7969
-8289
-6102
-4610
-4287
-5524
-3891
-4084
-4595
-4338
-2779
-2533
-1587
302
1820
671
222
-1864
-4175
-5690
-7342
-9234
-6574
-5543
-3700
-2294
-1216
-1754
-1141
-2907
-4733
-4995
-3657
-4717
-2020
-1758
-527
-1551
-1639
-3948
-6758
-6132
-6441
-5532
-5552
-2771
-3958
-2052
-3137
-4704
-5754
-6938
-5857
-8444
-5762
-5521
-4151
-2948
-641
-1260
-1993
-1390
-3921
-3774
-5514
-6440
-6659
-6801
-6334
-6976
-4974
-3927
-4963
-3227
-3997
-4054
-3509
-3097
-4098
-2282
-481
-1868
-363
-1884
-562
-2409
-3013
-3957
-5419
-4887
-4503
-6820
-6194
-5657
-7141
-5921
-6233
-5783
-3646
-3201
-3036
-3264
-2543
-3031
-4793
-3312
-3629
-4379
-2451
-2802
