194
125
305
144
343
42
358
-131
336
29
358
-133
326
-183
270
-103
212
-233
144
-242
112
-200
50
-355
56
-355
-141
-355
-152
-287
-233
-298
-190
-287
-308
-166
-281
-211
-275
-190
-274
-67
-355
88
-326
184
-288
168
-340
323
-203
305
-159
319
-250
292
-204
263
-105
250
-148
310
-51
358
44
266
271
266
273
224
278
249
285
268
334
288
256
64
331
-50
324
81
358
116
313
-128
257
-228
278
-244
232
-306
110
-302
232
-355
42
-317
81
-355
1
-291
105
-355
-91
-309
-194
-336
-237
-235
-230
-198
-324
-172
-312
-201
-319
-125
-355
44
-355
-88
-355
50
-340
217
-218
173
-230
147
-322
254
-190
348
-109
320
-244
350
-127
358
-210
154
9
322
84
336
60
351
103
340
152
310
313
210
312
225
294
295
336
200
292
260
254
125
351
170
358
-219
347
-98
271
-116
326
-338
253
-338
243
-226
275
-280
226
-189
215
-278
246
-214
117
-352
-91
-355
-40
-355
-198
-350
-98
-271
-226
-280
-193
-268
-294
-301
-331
-207
-301
-250
-355
-182
-281
-82
-355
30
-330
-49
-210
95
-319
138
-282
36
-270
152
-331
2
-327
246
-127
299
-121
358
-21
358
-82
348
67
281
-54
358
170
317
154
313
221
327
145
323
287
268
295
243
313
-14
312
99
261
-33
358
-4
358
-84
337
-84
309
-302
261
-266
232
-103
158
-337
156
-303
15
-327
176
-348
-131
-352
-179
-355
-40
-285
-184
-334
-254
-317
-278
-250
-295
-203
-352
15
-355
100
-351
72
-336
190
-352
260
-274
254
-242
208
-211
278
-118
358
57
358
263
207
229
338
130
345
215
243
288
159
330
162
310
67
330
-16
239
-145
302
-288
358
-201
203
-267
175
-355
58
-340
-37
-191
-154
-264
-93
-327
-198
-284
-226
-182
-228
-204
-240
-43
-291
116
-319
275
-113
249
-67
278
-177
327
-189
214
8
330
161
358
358
345
260
271
337
77
343
-33
323
78
358
23
355
-256
169
-355
98
-338
70
-355
-98
-355
-168
-205
-256
-177
-308
-303
-326
-219
-343
-155
-308
1
-334
211
-313
175
-305
180
-193
273
62
322
161
358
210
305
287
334
298
237
193
85
358
-50
344
-89
249
-33
109
-151
303
-256
-25
-355
-124
-292
-218
-333
-65
-310
-319
-229
-355
-35
-329
-96
-247
79
-296
189
-355
100
-173
358
58
295
9
358
-68
263
32
358
310
151
320
244
141
281
358
107
322
-166
357
-193
268
-177
240
-142
12
-306
12
-348
53
-355
-224
-274
-173
-326
-261
-316
-355
-246
-355
-182
-330
172
-355
292
-294
112
-327
120
-229
201
-230
358
-140
319
64
358
244
358
281
317
154
207
289
158
350
196
358
197
358
138
266
-125
357
-112
291
-84
358
-118
212
-331
296
-214
12
-287
-35
-299
1
-355
102
-355
-40
-242
-62
-281
-250
-196
-208
-218
-306
-162
-308
-182
-327
-65
-355
29
-355
147
-347
86
-355
-33
-280
135
-355
203
-243
274
-158
270
-152
358
-169
350
-19
358
26
358
103
358
18
358
5
348
14
358
251
291
249
214
294
295
323
312
228
302
315
154
333
154
334
166
273
217
266
39
354
-37
358
110
358
-116
358
-95
315
-95
358
2
358
-88
191
-204
296
-131
288
-184
358
-268
230
-225
226
-268
208
-299
350
-305
337
-280
280
-354
249
-330
312
-312
240
-280
236
-315
168
-296
180
-355
23
-261
-36
-345
-25
-275
175
-316
102
-331
86
-270
-49
-355
-25
-303
-208
-355
-23
-315
-103
-319
-235
-203
-158
-316
-81
-355
-102
-330
-49
-291
-61
-284
-259
-316
-125
-334
-159
-340
-334
-233
-261
-161
-196
-259
-218
-278
-176
-243
-355
-230
-347
-225
-355
-226
-267
-278
-302
-355
-330
-72
-281
-65
-355
25
-301
-68
-355
-193
-345
-131
-326
-170
-271
-58
-205
-82
-355
-152
-355
70
-210
-49
-277
161
-305
264
-331
64
-294
-21
-277
14
-218
226
-355
214
-271
137
-256
159
-323
336
-273
358
-140
196
-120
93
-218
240
-296
357
-205
161
-51
285
-8
250
-49
358
-109
310
8
358
68
264
-11
358
7
358
141
345
117
323
121
358
326
253
222
78
282
134
251
235
274
123
298
155
358
236
315
230
260
23
204
102
358
1
330
110
358
-176
308
-299
358
-217
186
-107
175
-186
193
-355
306
-243
-8
-253
25
-296
75
-355
112
-340
-140
-323
-305
-163
-219
-302
1
-298
-217
-210
-211
-224
-235
-278
-310
-226
-243
-116
-355
61
-312
-168
-180
221
-281
289
-355
211
-315
124
-237
105
-152
189
-142
340
-268
330
-173
237
86
267
249
256
180
351
347
313
127
230
343
275
267
193
246
203
267
110
196
-36
329
-208
310
-140
337
-210
249
-125
348
-205
203
-317
137
-275
173
-355
-96
-264
-142
-355
-214
-303
-162
-180
-277
-291
-313
-197
-289
-148
-333
-250
-212
-217
-194
58
-282
72
-270
224
-309
281
-205
259
-47
354
-165
298
-117
306
-43
358
30
210
190
296
123
348
182
358
225
200
278
187
354
77
134
-19
358
-125
327
-54
291
-85
256
-154
130
-225
264
-299
32
-322
123
-355
44
-355
-198
-288
-194
-284
-75
-275
-355
-344
-343
-125
-355
-219
-230
-18
-329
5
-301
179
-285
222
-327
224
-249
284
-309
244
-198
263
-134
358
19
197
75
317
58
289
274
358
341
218
250
125
204
176
334
68
312
36
358
-131
358
-127
193
-251
243
-225
222
-302
8
-355
8
-344
-154
-229
-7
-294
-151
-249
-232
-235
-303
-233
-336
-147
-355
12
-277
169
-215
131
-242
240
-204
287
-204
350
-246
274
-125
191
26
358
175
285
251
284
147
338
235
251
341
65
271
-56
358
-72
235
2
326
28
210
-189
189
-334
219
-319
7
-218
-32
-355
-152
-347
-205
-341
-221
-260
-149
-145
-229
-103
-355
-9
-355
61
-218
183
-256
229
-40
308
-47
358
-244
282
-123
312
158
312
237
244
235
130
294
47
347
-9
358
-64
299
-147
319
-301
282
-247
228
-355
19
-355
-86
-315
-184
-355
-141
-317
-219
-149
-287
-109
-205
7
-355
173
-296
86
-158
217
-187
260
-100
260
-32
358
135
358
198
326
291
210
246
281
322
54
358
-176
351
-155
254
-184
319
-299
92
-355
72
-355
-96
-217
-79
-352
-271
-166
-327
-77
-355
-56
-242
-47
-355
29
-180
292
-204
247
40
358
-114
289
42
288
128
266
298
64
358
135
336
191
347
-105
358
-303
173
-225
95
-355
247
-280
47
-355
-355
-200
-355
-226
-355
-170
-287
-133
-347
-60
-308
68
-203
261
-294
347
-159
358
40
350
200
326
251
303
330
16
305
-33
348
237
358
197
343
-142
313
-251
186
-298
106
-355
-135
-355
-200
-355
-275
-217
-334
-256
-317
-96
-329
-109
-305
-282
-341
-35
-261
100
-162
302
-116
316
36
334
22
200
169
288
144
348
345
358
236
95
341
77
309
60
358
75
275
-162
253
-287
254
-355
100
-355
147
-355
74
-306
-196
-168
-224
-316
-264
-295
-149
-257
-337
-22
-291
-50
-355
77
-161
149
-288
266
-309
184
-233
203
-190
350
-226
306
-29
148
8
358
183
358
226
273
166
280
187
221
358
247
274
99
354
22
284
163
312
75
271
-154
358
-113
284
-273
226
-257
200
-350
294
-355
54
-309
75
-355
14
-344
0
-312
-128
-208
-249
-228
-259
-351
-215
-260
-334
-128
-266
-208
-355
-144
-309
-88
-330
-113
-273
-8
-355
21
-254
236
-244
249
-291
98
-289
246
-222
340
-302
102
-197
358
-184
330
-102
358
-204
358
-114
358
68
358
175
277
128
288
67
289
19
337
232
246
244
308
218
131
282
326
278
233
338
207
326
243
358
28
326
103
296
43
345
-42
358
-7
305
40
358
102
306
-172
225
-247
249
-249
302
-251
316
-133
226
-154
203
-292
198
-200
327
-351
176
-350
292
-259
105
-292
-103
-334
-112
-355
-74
-355
-33
-278
-33
-313
-190
-273
-23
-354
-175
-251
-175
-288
-291
-337
-355
-141
-230
-316
-355
-98
-355
-78
-302
-43
-340
-156
-350
-60
-350
-121
-230
102
-292
25
-284
280
-355
116
-264
254
-257
285
-336
266
-320
233
-102
343
-191
358
-159
204
-95
358
86
355
8
334
161
320
210
329
100
358
151
358
106
358
264
177
338
306
323
-9
337
125
358
47
358
113
326
-7
330
105
358
-79
331
-230
203
-239
289
-355
222
-333
193
-303
145
-331
51
-347
-95
-309
-12
-322
85
-352
-152
-355
-173
-271
-162
-240
-211
-282
-315
-79
-355
-124
-352
-77
-351
-142
-355
86
-348
42
-277
23
-324
187
-355
117
-214
302
-158
215
-37
315
120
250
-32
358
-44
327
-85
338
179
287
226
287
330
285
330
274
358
205
358
84
358
-25
281
-189
358
-208
338
-232
284
-180
267
-110
296
-284
222
-274
-79
-261
-60
-355
-78
-331
-113
-312
-125
-237
-230
-302
-251
-186
-350
-156
-288
-237
-285
-133
-322
-64
-306
225
-327
208
-330
292
-292
287
-320
294
-116
198
-91
344
61
251
130
330
71
315
212
330
32
316
271
124
337
281
205
230
267
226
305
204
340
-194
301
-168
294
-137
236
-214
183
-230
187
-355
259
-355
244
-326
-46
-210
-26
-246
-49
-355
-133
-289
-169
-267
-355
-201
-201
-211
-347
-149
-331
4
-343
-18
-355
-98
-341
-57
-246
-56
-305
124
-228
225
-317
274
-273
358
-117
306
-1
358
-79
358
-28
345
-135
275
-18
249
274
232
244
303
237
270
317
280
274
260
312
-166
358
222
256
19
358
0
256
-200
306
-88
267
-205
257
-162
270
-219
260
-278
182
-355
72
-355
162
-274
67
-345
26
-327
-103
-355
-110
-282
-58
-324
-274
-229
-230
-123
-298
-177
-355
-75
-345
-133
-329
-86
-330
-62
-315
-75
-242
250
-296
152
-288
138
-193
301
-232
256
-211
295
-40
358
-236
330
-170
170
14
298
112
333
169
330
273
260
291
330
309
215
351
246
305
138
305
-19
347
270
263
156
355
-117
267
-271
347
-261
348
-218
190
-184
-77
-198
225
-355
67
-355
85
-350
25
-327
-39
-253
-355
-336
-260
-197
-355
-215
-285
-229
-336
-65
-291
77
-355
-112
-197
-22
-306
155
-267
169
-264
273
-133
247
-51
197
89
336
4
358
128
306
77
295
121
319
296
204
358
198
172
243
348
-37
292
-128
337
-134
358
-92
193
-109
287
-135
200
-294
102
-355
113
-319
22
-217
-93
-306
-350
-333
-210
-189
-222
-221
-228
-147
-355
39
-274
64
-355
103
-355
32
-189
197
-176
165
16
233
7
358
-7
254
37
228
214
254
233
263
319
198
309
233
275
42
302
-168
282
-204
219
-338
259
-292
259
-170
158
-331
11
-251
-229
-336
-102
-316
-163
-291
-201
-219
-330
91
-312
-46
-355
98
-355
92
-232
299
-244
204
-186
354
-244
345
-72
329
-33
319
159
237
313
166
294
331
247
218
350
161
282
117
358
-16
253
-65
281
-244
257
-355
208
-355
148
-215
4
-352
-256
-287
-242
-355
-112
-309
-225
-156
-198
-312
-355
-56
-355
44
-222
22
-274
72
-336
251
-194
235
-274
268
-215
170
-81
237
22
358
1
292
44
240
-33
358
302
214
301
142
358
203
152
306
295
77
358
-5
278
-92
348
-60
358
-85
250
-222
189
-162
109
-207
78
-329
200
-222
81
-338
-46
-292
40
-282
-60
-344
-78
-249
-275
-271
-355
-165
-355
-226
-289
-261
-320
-124
-319
-78
-355
-144
-340
-62
-315
-30
-237
176
-253
273
-355
163
-152
210
-320
246
-165
296
-256
358
-284
261
-161
207
-19
309
-191
358
-85
358
-2
288
-8
344
138
355
121
306
176
329
-130
358
-19
358
-19
358
193
340
184
165
345
329
256
358
196
170
291
60
271
152
358
278
358
138
253
337
176
147
326
51
347
29
271
22
340
35
358
-9
358
22
354
233
308
12
303
183
330
100
350
50
303
65
358
-93
358
-109
316
-42
289
-75
358
42
303
-54
329
-243
292
37
291
-184
331
-19
358
-58
358
-135
303
-86
348
-75
358
-51
358
127
358
-70
358
-1
343
-28
303
26
358
-53
358
-137
292
-114
295
-5
310
2
358
42
358
1
327
67
273
103
352
-88
343
-113
358
-134
190
-93
358
-65
347
4
358
-214
310
32
358
-39
354
11
358
-186
294
-180
175
-120
302
-103
358
-44
358
72
340
-47
358
46
350
-75
313
46
358
-225
317
-219
358
-251
358
-109
289
-57
331
-214
344
-7
358
-43
260
-148
312
79
337
-67
358
-247
341
-254
137
-305
219
-305
266
-222
358
-228
329
-221
358
-189
341
-263
280
-240
91
-284
291
-246
84
-351
222
-261
203
-355
183
-261
267
-277
221
-355
156
-299
287
-320
-4
-278
56
-355
-237
-355
-86
-263
-61
-334
-98
-355
-144
-352
-162
-254
-303
-302
-259
-299
-250
-299
-347
-232
-329
-173
-350
-156
-355
-186
-322
-118
-149
-145
-275
-120
-355
-8
-320
-51
-244
133
-228
267
-130
324
-345
278
-261
205
-186
358
-256
322
-159
303
-75
358
-98
351
-2
348
222
264
305
345
240
155
341
341
329
244
240
189
278
281
358
-47
358
-99
294
-25
310
-141
230
-256
243
-273
152
-298
165
-355
-8
-226
35
-334
7
-319
-162
-244
-151
-161
-313
-89
-326
-242
-331
-53
-338
65
-355
58
-333
37
-200
158
-165
196
-274
211
-169
267
176
305
53
310
-16
212
161
214
350
210
358
183
282
182
330
103
344
-26
355
-95
235
-106
205
-155
200
-287
-18
-355
131
-299
-133
-327
-123
-172
-124
-354
-193
-237
-271
-49
-244
96
-355
-35
-182
191
-296
113
-173
285
-261
358
-259
271
-43
326
128
308
124
358
142
358
324
105
288
-68
351
68
187
78
250
-81
118
-175
312
-233
291
-187
-79
-355
46
-281
-82
-334
46
-310
-215
-327
-347
-203
-194
-292
-165
-142
-315
46
-355
-124
-324
100
-284
107
-142
341
-215
358
-287
254
-33
275
78
197
211
358
-23
240
172
130
295
156
358
140
235
19
197
-28
280
-194
327
-173
352
-210
242
-214
193
-305
23
-264
102
-355
-33
-355
-242
-330
-212
-280
-308
-175
-355
-224
-355
-95
-275
-29
-310
-62
-310
-92
-259
305
-287
327
-236
226
-217
302
-127
358
-12
330
12
324
203
278
215
295
201
189
203
215
357
133
358
121
358
-26
275
-21
358
61
247
-263
219
-251
189
-345
267
-355
100
-305
151
-316
128
-323
-229
-355
-278
-212
-337
-280
-282
-183
-330
-53
-292
-208
-355
-161
-355
56
-340
323
-348
-9
-175
226
-191
228
84
344
-113
357
25
358
92
329
193
201
133
324
358
277
358
207
312
266
324
49
358
-109
305
-86
358
-141
322
-198
226
-282
142
-355
11
-324
-92
-355
-98
-338
-215
-237
-172
-261
-226
-134
-222
-275
-305
-355
-282
-93
-334
155
-351
243
-316
68
-176
54
-110
354
22
358
89
358
9
232
37
309
200
302
358
292
215
230
296
140
303
-9
271
-117
358
-140
270
-152
285
-303
159
-323
210
-354
53
-270
-198
-200
-103
-330
-140
-210
-205
-169
-240
-40
-350
-50
-170
-149
-355
103
-242
243
-299
218
-280
204
-165
225
123
310
-28
323
-110
239
172
149
249
208
168
134
240
163
253
68
358
-141
358
-169
228
-287
184
-162
217
-355
77
-334
-9
-285
-125
-106
-250
-329
-102
-355
-273
-137
-303
-169
-355
-123
-166
-58
-221
169
-294
296
-221
116
-88
240
-88
302
-237
358
15
194
187
211
358
344
170
113
261
36
358
-1
344
70
168
36
358
-243
267
-193
233
-308
191
-250
30
-306
177
-355
8
-253
-312
-320
-330
-312
-212
-233
-162
-103
-310
-8
-351
-51
-355
-106
-310
54
-226
260
-257
232
-124
182
51
246
-140
358
-229
310
-2
358
292
340
100
358
110
225
242
354
358
100
263
166
358
116
303
-51
354
65
166
-95
285
-166
350
-243
296
-170
263
-89
11
-250
99
-288
123
-352
-7
-352
35
-303
166
-355
53
-317
-93
-281
-291
-121
-268
-355
-256
-319
-232
-95
-287
-179
-355
-205
-350
-176
-260
-148
-355
-11
-313
64
-355
78
-315
-51
-253
57
-256
217
-133
266
-329
88
-82
173
-175
166
-268
358
-259
230
-244
294
-169
264
-95
302
-86
354
-149
336
-81
296
-173
303
-8
344
-7
189
-67
358
99
237
-72
354
266
259
270
277
152
358
182
319
22
225
198
323
113
207
237
334
173
358
175
218
105
298
263
182
331
230
315
274
159
285
187
145
142
295
358
110
340
355
208
236
305
53
289
145
215
207
358
187
275
273
228
168
341
229
315
128
330
103
277
107
358
155
351
71
347
299
197
200
358
89
337
32
292
81
340
155
358
207
253
-15
358
28
274
7
358
2
323
42
329
226
327
-89
358
-11
228
51
358
-62
257
40
305
61
358
-85
358
-151
320
-54
351
39
358
-112
358
-92
358
50
326
-53
296
-79
284
-137
324
-208
352
-215
358
23
358
-201
270
-102
155
-207
306
-250
327
-127
263
-172
200
-264
156
-236
137
-313
251
-331
149
-288
291
-305
289
-147
47
-282
142
-273
112
-274
96
-355
-35
-324
-82
-236
-225
-355
-49
-274
-141
-329
-58
-355
-232
-305
-250
-266
-86
-341
-253
-278
-249
-190
-355
-86
-331
-168
-355
-32
-343
-86
-344
25
-327
64
-355
-60
-317
2
-308
82
-179
208
-218
233
-110
288
-212
257
-158
267
-168
235
14
358
71
358
-7
358
53
275
70
358
358
296
358
161
355
215
229
215
312
-123
308
-189
344
-56
341
-158
260
-137
285
-230
72
-355
-60
-319
-22
-355
-254
-229
-203
-355
-337
-294
-288
-120
-282
-144
-237
-78
-275
141
-287
260
-355
203
-98
308
-117
351
11
309
131
313
251
343
208
207
282
148
334
142
266
-54
337
-182
194
-289
92
-316
224
-296
46
-285
-50
-303
-355
-229
-355
-142
-348
-222
-170
-67
-355
54
-291
301
-200
358
-187
358
-113
317
-89
358
191
358
358
289
358
-22
358
-39
254
-145
261
-72
61
-330
15
-352
-54
-355
-105
-329
-243
-285
-355
-162
-230
-117
-355
64
-296
221
-250
303
-271
336
224
210
166
291
230
198
289
273
323
170
358
-118
358
-232
233
-299
118
-315
-165
-242
-235
-264
-284
-285
-317
-103
-355
-89
-168
-12
-253
224
-259
282
-123
358
51
358
154
207
273
253
271
212
358
93
229
-135
289
-144
50
-312
46
-355
28
-313
-134
-295
-355
-205
-355
-65
-247
-7
-221
53
-275
331
-303
189
-131
315
233
207
211
347
239
191
354
12
358
42
320
-75
214
-134
154
-291
133
-251
197
-305
-173
-355
-344
-309
-190
-249
-355
-12
-316
148
-355
127
-217
315
-275
172
-71
358
-281
329
183
253
351
267
177
268
285
-118
348
22
358
-95
242
-193
112
-263
65
-355
229
-273
-84
-282
-316
-333
-142
-184
-294
-91
-296
-25
-355
46
-326
-32
-187
249
-183
253
-257
288
-266
211
-23
210
329
173
233
324
204
211
287
134
182
118
358
-117
320
26
207
-170
315
-221
120
-355
142
-355
-14
-250
-99
-355
-347
-243
-240
-315
-107
-251
-310
-266
-235
-89
-289
-142
-355
89
-355
211
-247
296
-212
233
-313
230
-130
354
-50
344
-158
337
176
235
81
229
179
287
312
259
210
257
358
-176
313
43
254
-30
337
-86
322
-62
215
-176
226
-250
225
-355
295
-317
127
-355
-21
-284
-84
-296
-303
-233
-138
-317
-243
-315
-348
-259
-273
-217
-233
-138
-263
-186
-292
77
-355
179
-355
163
-243
149
-355
270
-137
149
-226
294
-219
338
-138
358
-8
187
179
309
166
358
299
315
271
214
219
358
347
330
358
106
303
156
287
92
354
-18
347
-161
215
-137
355
-240
260
-105
229
-133
131
-295
203
-355
163
-302
169
-285
-57
-334
-237
-350
-210
-259
-165
-271
-225
-315
-284
-251
-345
-204
-355
-102
-273
7
-289
-156
-261
-78
-345
154
-310
303
-266
358
-120
287
-196
317
-184
246
-99
358
-15
358
-118
313
144
358
71
280
309
330
274
191
358
154
341
79
295
39
358
7
340
54
343
-96
277
-163
309
-49
308
-113
110
-355
71
-355
67
-277
131
-320
-11
-296
-323
-207
-128
-303
-142
-299
-294
-284
-250
-224
-355
-35
-320
-96
-355
39
-320
78
-242
19
-355
208
-282
186
-133
242
-127
358
-194
358
-280
320
182
280
74
263
112
358
74
334
131
257
246
326
358
152
358
189
303
113
358
86
222
-120
158
-224
296
-203
326
-67
237
-221
169
-211
137
-330
226
-331
84
-355
28
-334
74
-230
-230
-275
-109
-355
-239
-176
-222
-246
-190
-224
-278
-268
-288
-327
-302
-148
-355
-85
-285
-29
-355
154
-331
44
-278
91
-256
12
-324
114
-309
312
-205
256
-172
358
-203
260
-137
288
-99
303
36
294
-32
358
-183
344
-37
278
-39
282
229
198
289
301
239
266
282
358
219
350
264
355
230
236
198
271
338
86
324
134
358
268
278
240
312
169
310
-18
270
-162
233
85
329
81
358
-7
274
-65
352
16
338
93
334
-4
327
-144
295
-16
306
-319
301
-205
337
32
324
-154
350
-189
303
-44
298
-21
184
-217
303
-149
305
-274
259
-267
309
-312
358
-200
354
-207
358
-117
217
-165
264
-77
358
-156
320
-225
263
-189
244
-244
273
-176
337
-183
309
-100
352
-127
358
-77
345
-75
270
-93
358
-217
358
-107
358
-64
308
-65
344
85
354
-9
348
21
306
85
358
-30
354
61
352
133
221
113
358
267
337
-142
253
46
358
194
326
65
358
103
240
218
270
338
205
288
358
198
237
177
323
204
251
239
310
306
289
148
264
326
291
329
266
358
229
292
187
224
198
348
284
295
128
329
295
282
7
358
16
347
-15
358
16
331
-18
317
169
351
86
301
92
358
135
358
19
358
-106
343
-100
298
-5
253
134
274
-114
358
75
313
26
312
-19
288
107
341
138
358
-72
358
-57
358
-51
324
-37
264
117
249
158
358
197
358
-7
345
46
266
292
228
151
303
145
263
42
287
228
358
162
116
204
249
168
172
222
292
306
113
358
310
232
239
358
18
250
113
358
187
163
71
358
-81
224
-242
358
-40
340
-47
358
-106
224
-151
278
-218
301
-232
263
-266
165
-278
155
-205
-198
-355
-145
-348
-205
-232
-193
-270
-233
-267
-316
-141
-330
-253
-244
-93
-355
-4
-254
40
-327
266
-341
219
-254
284
-198
184
-103
340
-168
358
147
291
152
298
182
303
259
187
343
128
358
58
266
0
343
-62
228
-298
246
-355
217
-251
288
-295
54
-355
-186
-292
-355
-193
-322
-232
-355
-98
-256
84
-229
96
-236
249
-273
358
-78
278
-102
358
186
201
198
303
168
217
267
221
358
64
280
-169
254
-211
235
-355
107
-256
19
-233
-93
-354
-280
-295
-211
-175
-312
-64
-264
62
-309
187
-322
131
-292
295
-134
358
120
309
37
358
140
237
338
154
358
-159
357
-235
358
-240
182
-275
98
-292
-133
-334
-8
-330
-107
-291
-200
-247
-261
-84
-348
137
-309
155
-288
217
-147
264
-128
289
-1
345
168
358
158
277
309
182
319
112
244
75
308
-170
266
-257
336
-355
54
-312
67
-177
-26
-355
-165
-355
-240
-254
-341
-67
-316
-12
-326
107
-355
176
-355
114
-215
301
-8
343
-142
263
-12
315
37
295
326
270
259
212
263
91
323
-93
282
71
263
21
232
-71
93
-196
218
-315
277
-287
125
-355
-18
-355
-282
-210
-162
-260
-200
-270
-162
-315
-308
-187
-281
-130
-347
-235
-282
43
-329
85
-355
221
-219
225
-355
319
-260
172
-229
205
-182
239
-259
292
-81
358
-106
250
-65
312
168
198
264
273
284
324
306
324
135
352
320
285
244
176
357
324
253
133
348
159
201
72
358
60
294
-60
337
-141
329
-142
358
-96
358
-30
358
-71
147
-249
282
-163
211
-253
315
-344
270
-128
244
-305
177
-282
266
-317
285
-345
145
-326
154
-344
358
-282
29
-355
-71
-299
0
-352
156
-355
131
-333
134
-309
7
-355
56
-323
-33
-338
-29
-350
-128
-289
-53
-355
-65
-355
-236
-331
135
-288
-8
-229
-141
-324
-194
-355
-280
-355
-217
-275
-244
-268
-254
-330
-264
-351
-226
-329
-218
-348
-275
-299
-263
-354
-239
-266
-211
-247
-230
-218
-355
-228
-280
-182
-301
-259
-355
-93
-355
-155
-316
-91
-326
-148
-355
-128
-355
-116
-215
-177
-244
-103
-271
138
-207
12
-355
229
-260
1
-257
-7
-172
68
-284
224
-355
131
-208
170
-268
179
-180
303
-327
345
-354
211
-180
257
84
340
-155
358
-99
218
-46
260
-51
329
78
358
-16
358
110
249
233
113
177
338
263
207
208
253
296
179
278
305
271
179
294
162
358
113
324
-64
308
-117
327
-169
296
-197
323
-194
205
14
180
-253
190
-149
75
-355
235
-347
123
-288
-197
-312
-172
-251
-182
-217
-154
-341
-98
-313
-355
-102
-330
-212
-355
23
-337
28
-350
-56
-114
144
-355
162
-165
315
-268
256
-354
196
-155
319
173
357
191
301
226
355
62
336
334
169
291
141
358
142
323
113
347
32
225
-57
305
-110
358
-74
333
-355
84
-147
12
-355
176
-284
-207
-193
-137
-298
-247
-303
-249
-345
-161
-309
-312
-114
-212
-39
-355
92
-355
95
-218
166
-242
295
-158
358
-109
323
-124
352
26
301
95
302
39
312
124
100
158
7
309
96
343
228
327
128
334
16
226
-196
244
-235
313
-148
147
-253
190
-296
-33
-326
82
-355
109
-261
-30
-292
-179
-270
-130
-229
-173
-355
-289
-259
-287
-259
-218
-219
-355
39
-355
106
-303
113
-243
114
-298
142
-226
243
-175
282
-133
333
-233
287
-259
295
-137
250
25
358
116
358
16
288
161
291
109
291
198
354
165
358
225
275
305
270
240
190
291
75
341
-18
358
79
341
165
358
-11
186
-100
358
-208
358
30
358
-161
324
-230
267
-99
168
-228
285
-309
273
-270
173
-277
358
-267
163
-355
201
-296
109
-275
110
-282
103
-331
99
-355
-123
-355
37
-355
35
-355
86
-355
-57
-183
105
-355
-100
-324
-75
-323
-173
-298
-260
-317
-33
-355
-149
-334
-67
-312
-162
-273
-58
-333
-175
-309
-229
-267
-222
-336
-268
-320
-228
-347
-292
-251
-180
-296
-215
-207
-114
-152
-225
-355
-343
-316
-292
-198
-306
-306
-250
-179
-253
-225
-270
-233
-355
-116
-222
-273
-310
-257
-214
-186
-340
-246
-329
-257
-320
-169
-310
-131
-352
-239
-219
-225
-294
-147
-254
-179
-344
-232
-343
-163
-305
-100
-190
-175
-355
-147
-285
-109
-343
19
-355
-25
-355
144
-355
-89
-347
-197
-355
-7
-341
47
-315
208
-273
163
-254
187
-333
163
-320
42
-327
298
-341
232
-218
198
-341
233
-301
239
-348
345
-175
358
-60
358
-58
302
-114
358
-133
358
-125
355
175
326
37
334
23
345
135
358
176
337
215
358
316
322
244
221
301
125
296
253
358
191
344
183
319
23
186
7
358
-109
264
-187
204
-239
191
-246
240
-355
198
-355
228
-319
51
-271
8
-190
-96
-348
-134
-355
-210
-284
-221
-292
-319
-15
-355
-175
-352
-135
-317
-40
-326
32
-303
271
-268
309
-305
347
-228
264
5
289
134
313
225
351
189
358
285
319
282
292
259
9
358
25
358
-14
246
-93
348
-182
173
-266
54
-343
170
-251
25
-355
-200
-354
-244
-281
-215
-201
-244
-201
-355
-91
-271
134
-285
337
-280
109
-175
267
-68
358
47
296
4
344
110
358
289
228
214
113
310
18
337
-14
348
-103
141
-203
319
-270
121
-253
86
-333
163
-329
-344
-197
-196
-189
-292
-176
-336
-137
-340
-47
-254
163
-208
226
-355
212
-230
184
-23
289
189
296
1
358
183
205
282
170
358
46
281
-82
292
-15
287
-263
317
-225
215
-211
151
-320
-155
-292
-50
-355
-64
-275
-240
-215
-355
-131
-217
-233
-296
-56
-239
189
-347
184
-159
186
-295
210
-95
288
-121
358
-28
193
147
239
282
169
355
246
96
285
197
197
317
-99
310
-78
294
-149
271
-124
177
-233
145
-355
205
-333
86
-306
4
-308
35
-221
-84
-355
-197
-299
-323
-251
-310
-74
-345
-131
-319
-46
-323
5
-355
-67
-165
79
-322
135
-306
289
-242
358
-271
207
-229
233
-79
358
-123
296
86
278
102
340
175
345
78
358
237
282
85
208
291
219
320
36
340
99
358
-25
323
-4
287
135
358
72
319
-110
274
-259
298
-91
189
-200
246
-303
159
-215
37
-292
95
-323
215
-289
-4
-291
-44
-355
84
-301
7
-330
-159
-336
-249
-355
-221
-288
-203
-288
-222
-91
-350
-183
-355
-137
-285
-228
-233
-271
-277
-221
-316
67
-355
-98
-355
210
-355
114
-355
42
-355
184
-263
236
-296
200
-313
183
-344
200
-278
285
-242
354
-149
358
-247
344
8
323
-37
345
12
334
-37
358
109
289
128
294
200
357
270
317
274
287
312
212
208
317
312
257
331
215
337
98
336
50
358
142
358
-51
327
-121
343
-109
351
-110
264
-208
162
-317
341
-306
295
-217
218
-275
180
-355
75
-355
74
-351
-37
-315
-169
-326
-340
-277
-278
-302
-259
-337
-210
-322
-294
-214
-296
-53
-296
-78
-340
-26
-355
-22
-303
158
-243
308
-309
194
-298
352
-168
319
-47
358
-226
312
-159
317
189
291
204
273
303
210
292
358
200
95
333
-29
203
36
358
-72
306
-112
337
-109
239
-244
193
-343
-116
-313
-51
-289
-54
-355
-117
-254
-127
-281
-263
-120
-355
-147
-355
-169
-315
-109
-285
22
-288
233
-211
336
-226
337
61
294
95
182
84
313
135
253
228
306
358
131
348
196
296
-39
331
-186
295
-240
330
-302
127
-301
123
-260
43
-355
-93
-214
-196
-251
-355
-96
-355
-191
-112
158
-235
194
-246
358
-309
336
-61
257
-54
229
162
302
175
336
261
190
358
189
226
12
288
-190
345
-110
358
-236
158
-348
85
-303
-93
-351
-88
-271
-191
-263
-355
-242
-288
-96
-278
18
-322
194
-320
305
-169
323
-71
313
-28
334
137
274
284
305
291
205
221
102
358
-114
315
-182
226
-273
243
-249
309
-244
47
-291
49
-296
-243
-278
-229
-250
-303
-114
-355
-1
-233
103
-309
275
-201
134
-313
294
-177
310
-173
358
204
149
107
329
285
244
341
263
358
14
358
-114
284
-29
358
-250
295
-292
291
-145
93
-355
-208
-224
-124
-302
-166
-355
-313
-348
-233
-226
-280
-140
-355
-33
-355
65
-215
138
-266
267
-273
253
-121
309
-85
282
-46
345
191
296
163
323
200
352
228
235
347
186
312
172
358
156
302
-8
317
-43
358
-154
281
-193
305
-312
130
-324
173
-312
96
-355
162
-317
96
-287
-68
-275
-355
-267
-347
-266
-303
-251
-191
-281
-275
-219
-355
0
-239
-21
-355
-9
-355
7
-281
163
-271
169
-224
282
-254
282
-225
259
-228
345
-140
324
-224
271
-105
312
-96
358
148
358
271
285
196
267
242
358
177
253
182
208
226
232
194
358
256
303
239
191
358
168
347
19
358
106
334
54
358
95
326
-11
358
-193
246
-103
358
-205
298
-161
352
-162
237
-183
295
-106
239
-204
270
-147
237
-334
226
-316
163
-312
187
-316
222
-312
137
-331
247
-336
96
-295
218
-299
-46
-334
46
-316
58
-355
-28
-326
118
-303
-106
-355
-133
-355
102
-326
-197
-198
-131
-330
-280
-354
-285
-247
-191
-315
-124
-355
-30
-254
-175
-308
-155
-285
-284
-218
-323
-355
-229
-310
-274
-207
-261
-95
-235
-133
-355
-222
-242
-247
-285
-145
-123
-246
-355
-84
-179
-105
-250
-109
-316
29
-348
42
-333
-86
-338
-140
-173
25
-355
15
-263
135
-355
197
-355
81
-310
100
-317
61
-284
134
-317
200
-256
40
-305
99
-259
44
-354
183
-240
312
-172
358
-315
348
-239
239
-264
254
-113
273
-141
273
-89
278
-233
347
39
352
-15
299
-67
358
60
358
110
358
224
282
82
334
163
343
271
263
137
347
197
303
156
288
341
350
280
137
358
99
358
127
348
-4
285
100
358
85
343
-151
358
-58
358
-16
244
-218
155
-254
329
-355
197
-244
268
-355
19
-175
161
-287
8
-280
78
-355
79
-347
-47
-355
-295
-348
-217
-327
-340
-264
-351
-184
-315
-211
-186
-250
-355
-16
-270
92
-334
-89
-221
35
-319
135
-295
358
-222
169
-144
250
-288
240
-107
358
-82
330
-12
358
159
358
183
354
229
154
308
210
358
89
358
120
348
110
261
71
261
-134
337
-201
358
-282
236
-277
88
-215
172
-284
33
-355
-137
-275
-149
-355
-242
-355
-191
-242
-329
-197
-355
-133
-355
120
-210
240
-287
177
-259
222
-131
337
-211
358
-19
358
9
358
200
203
85
358
291
222
218
237
351
71
273
-57
345
-224
291
-68
352
-281
133
-295
211
-338
0
-275
-187
-208
-305
-190
-247
-295
-294
-287
-355
-118
-295
109
-319
211
-338
193
-277
228
-232
302
-47
264
56
351
243
239
230
273
345
243
249
161
340
75
295
-7
351
-211
271
-193
251
-278
162
-310
-9
-243
-170
-355
-137
-329
-280
-242
-267
-197
-343
-58
-344
-42
-350
173
-212
173
-156
316
-204
275
1
358
221
338
243
211
355
292
327
131
344
82
204
70
267
-118
313
-270
200
-340
211
-355
-70
-294
-201
-352
-158
-291
-141
-266
-295
-154
-338
-21
-323
-112
-215
60
-289
250
-280
303
-78
322
-91
322
39
183
189
291
251
268
183
149
358
243
308
39
358
-165
358
-124
243
-155
187
-317
2
-355
-75
-291
-56
-355
-62
-278
-219
-147
-302
-287
-343
49
-308
-51
-355
-8
-298
221
-334
317
-158
303
-201
324
0
292
158
163
183
358
301
222
274
288
281
141
274
183
341
-33
340
-235
329
-114
253
-263
219
-288
134
-355
-114
-355
-93
-249
-149
-284
-186
-256
-305
-186
-355
-81
-287
-33
-329
-62
-355
-4
-344
169
-277
250
-217
200
-56
338
-88
319
46
317
-128
259
196
358
-67
358
285
322
345
271
355
54
310
161
358
-105
260
-205
322
-74
340
-148
266
-208
158
-344
345
-320
124
-298
-43
-291
-85
-208
-121
-355
-226
-200
-198
-134
-343
-147
-152
-230
-268
-105
-355
141
-291
186
-355
29
-301
168
-54
233
-92
268
-67
358
-131
270
-46
306
-9
190
-15
358
30
295
168
358
358
302
210
200
240
232
338
-70
358
53
358
51
266
-159
256
-57
257
-230
345
-229
205
-149
230
-182
67
-296
30
-298
95
-261
-95
-316
-53
-355
-133
-355
-64
-168
-175
-244
-355
-229
-312
-151
-347
-102
-148
35
-355
37
-308
-74
-355
46
-170
106
-355
256
-355
103
-250
294
-207
347
0
358
-155
291
49
334
82
233
125
358
82
298
109
302
214
284
298
144
289
301
358
200
281
-12
330
-37
358
201
249
-11
358
-78
341
-114
358
-203
334
-246
218
-305
151
-333
116
-236
30
-355
287
-253
-65
-355
-81
-268
-196
-324
-226
-292
-208
-355
-285
-322
-348
-131
-303
7
-337
-8
-350
78
-309
57
-322
32
-322
14
-299
260
-274
287
-296
237
-292
309
-103
233
5
358
-5
295
1
350
-40
299
-170
352
88
358
128
302
270
113
313
244
358
259
303
236
320
166
358
-75
343
1
228
92
301
-184
251
-180
336
-154
358
-250
237
-215
96
-305
186
-274
93
-340
-9
-330
61
-348
-35
-355
-142
-294
-88
-313
-203
-204
-180
-151
-355
-205
-287
-204
-246
-251
-200
-130
-355
-43
-308
-95
-329
-21
-303
96
-334
102
-350
247
-261
270
-187
358
-260
270
-236
343
-187
327
-88
292
-99
358
33
345
106
268
117
282
183
261
257
261
334
224
190
232
329
277
358
273
358
288
337
228
341
-16
271
-221
358
-58
315
-203
306
51
337
-102
331
-264
358
-193
168
-116
138
-221
159
-250
189
-355
250
-289
161
-334
-100
-334
37
-355
1
-355
-65
-334
-71
-350
-263
-278
-36
-355
-91
-193
-291
-172
-351
-295
-177
-230
-261
-159
-242
-237
-267
-168
-280
-267
-237
-12
-350
-107
-355
-169
-287
84
-281
166
-355
243
-337
65
-326
-89
-133
196
-280
284
-355
61
-309
138
-268
247
-324
345
-301
317
-312
162
-123
277
-149
127
-193
287
-287
288
-218
180
-144
310
-82
275
62
259
-32
312
-107
358
77
358
-14
282
-47
358
-16
358
11
215
138
348
14
358
217
347
85
358
197
299
270
326
26
358
205
323
124
285
70
340
358
354
358
264
249
191
358
340
230
305
334
218
341
285
128
344
225
215
352
327
256
288
259
158
267
323
358
23
285
208
358
172
324
95
327
144
309
244
284
21
302
219
291
-8
298
-154
358
151
291
33
358
33
277
39
358
96
289
95
358
54
358
-22
340
-103
289
110
326
40
168
-246
317
-159
358
-47
358
-18
333
-32
322
-154
337
-154
306
-138
308
-295
130
-329
296
-259
350
-303
257
-207
243
-191
281
-107
183
-198
162
-324
270
-355
-5
-266
239
-324
208
-326
105
-355
148
-278
84
-306
64
-355
11
-324
36
-355
-32
-343
77
-292
-8
-355
-173
-306
16
-246
-261
-240
-224
-299
-58
-355
-64
-289
-225
-224
-236
-287
-270
-194
-355
-273
-333
-190
-319
-180
-355
-133
-330
-137
-344
-98
-295
-186
-274
-84
-355
123
-327
21
-344
42
-280
215
-268
292
-305
137
-277
180
-355
295
-200
291
-194
151
-155
329
12
308
-91
333
-36
256
67
341
53
352
57
225
142
358
163
277
264
341
138
358
261
208
358
168
358
165
275
44
357
165
358
70
317
-64
358
-65
309
-58
348
-145
197
-204
148
-233
244
-347
172
-355
-7
-266
118
-329
-36
-355
-98
-235
-172
-355
-7
-324
-105
-355
-355
-218
-343
-77
-219
-162
-355
-85
-355
-43
-350
-22
-159
28
-317
168
-222
289
-289
235
-141
175
-88
271
-23
240
26
118
183
343
-161
343
68
337
240
207
254
250
204
259
331
228
354
168
288
-26
259
-114
270
-151
336
-109
327
-133
236
-128
182
-331
74
-344
-39
-237
-130
-329
-74
-355
-218
-287
-268
-203
-237
-302
-242
-208
-355
-177
-355
-40
-355
-1
-212
148
-296
152
-316
194
-49
280
-15
292
-107
237
16
358
103
358
147
333
296
194
224
312
170
291
358
-11
319
-49
219
-156
226
-142
334
-287
357
-214
175
-190
158
-260
190
-355
-116
-355
-72
-331
-253
-182
-207
-187
-294
-214
-355
-117
-355
-107
-355
-67
-264
54
-266
137
-355
197
-98
336
12
278
43
285
53
341
184
302
133
247
232
338
289
75
315
33
271
1
341
-107
291
-135
123
-280
5
-303
240
-355
85
-235
-22
-327
-64
-298
-224
-219
-331
-237
-296
-302
-267
-135
-313
16
-315
186
-261
137
-355
263
-214
309
-116
212
-123
292
35
358
205
358
211
295
176
165
315
175
358
161
358
176
312
-58
274
-105
322
-233
194
-278
208
-355
-134
-270
-53
-291
-53
-273
-256
-355
-194
-308
-282
-142
-142
-203
-355
-21
-355
106
-306
219
-180
277
-177
334
-124
320
-5
298
35
249
12
292
49
305
240
128
351
95
239
51
271
-9
237
-169
211
-218
175
-244
229
-355
2
-263
-158
-284
77
-274
-190
-163
-268
-200
-355
-251
-355
-28
-355
117
-295
161
-235
189
-244
334
-246
358
-16
358
60
358
72
294
19
228
322
141
358
254
326
116
357
-121
345
-162
358
54
312
-312
197
-355
42
-294
-99
-355
-166
-287
-131
-261
-230
-313
-323
-166
-317
-33
-355
-32
-294
56
-230
107
-232
127
-230
257
88
358
123
280
-8
358
102
299
291
358
324
232
315
162
313
110
358
36
308
-120
271
-210
242
-291
172
-355
251
-292
67
-355
-22
-354
-86
-355
-147
-257
-109
-263
-316
-149
-301
19
-355
39
-294
92
-295
131
-352
100
-170
352
-257
309
-295
259
-30
194
46
358
249
298
184
259
303
247
292
169
358
162
254
250
358
96
358
-44
224
-39
207
-207
189
-305
212
-285
242
-257
54
-184
-36
-251
-170
-298
-247
-312
-244
-251
-249
-284
-301
-312
-275
-58
-355
-70
-355
-125
-337
53
-329
236
-354
133
-264
207
-310
334
-224
344
-137
340
-149
296
-67
302
193
310
133
323
244
358
189
326
242
326
141
165
352
124
358
291
358
-2
358
-232
329
-240
260
-116
355
-110
249
-166
268
-251
236
-239
0
-281
91
-270
124
-284
2
-333
-15
-316
-53
-310
-91
-301
-116
-264
-88
-257
-134
-251
-217
-184
-330
-173
-345
-194
-247
-183
-355
-32
-355
95
-320
51
-316
-118
-266
-8
-130
268
-253
273
-285
128
-287
243
-270
327
-102
338
-141
270
-93
358
-133
215
-36
319
-70
334
-18
358
89
312
190
355
161
303
200
274
268
317
317
263
233
99
251
278
281
194
358
204
278
170
358
135
261
123
358
11
327
-187
323
-95
323
-138
310
-230
334
-259
305
-144
288
-270
296
-313
204
-347
156
-235
15
-249
127
-355
98
-303
93
-355
-65
-222
-14
-352
-95
-355
-187
-319
-348
-295
-302
-270
-175
-285
-261
-331
-355
-190
-263
-79
-309
-187
-338
-30
-355
-176
-247
-57
-336
64
-237
217
-336
88
-355
218
-355
170
-107
106
-128
194
-215
260
-165
358
-162
237
-106
257
-49
309
68
239
99
358
244
292
112
256
259
191
271
233
357
270
310
331
354
9
222
-19
331
-43
358
23
306
-103
326
-26
274
-144
306
-232
138
-344
341
-281
218
-197
131
-355
-98
-355
-93
-149
-7
-347
40
-355
-308
-294
-291
-303
-233
-266
-217
-194
-329
-141
-355
-254
-355
30
-330
125
-316
40
-207
75
-165
348
-281
268
-329
280
-221
259
-224
249
-29
323
1
287
161
319
155
303
100
358
243
232
294
244
344
246
329
197
295
118
208
60
358
-61
358
-35
358
-176
358
-264
308
-246
257
-257
177
-98
93
-347
19
-355
-11
-219
23
-299
-140
-355
-239
-329
-285
-355
-287
-263
-145
-292
-355
-264
-337
-135
-308
-58
-355
39
-354
42
-344
-32
-152
237
-211
273
-226
170
-288
247
-355
327
-177
358
-81
309
42
331
40
319
133
298
50
288
191
250
237
313
236
358
298
284
302
91
310
179
334
260
334
79
326
-184
264
-70
343
-165
298
-312
233
-215
260
-237
352
-285
299
-355
7
-355
-158
-355
-93
-355
-98
-343
-91
-355
-259
-320
-64
-303
-218
-212
-205
-355
-309
-254
-327
-130
-355
-237
-256
-117
-343
28
-355
39
-313
30
-348
-70
-302
267
-316
281
-319
226
-344
116
-256
251
-123
358
-113
327
-21
303
-130
322
-180
358
-203
287
-23
212
114
344
196
301
32
331
246
358
208
271
242
226
309
93
309
327
358
316
358
250
270
50
242
18
303
12
358
-95
358
-134
358
-186
